黄建晴 21 男 1011 1234123123 123123123 90 81 48 91
无好感 23 女 1112 1234923123 123128123 38 58 68 82
黄晴 24 男 1453 1232123123 193123123 18 45 38 58 
阿斯蒂 25 女 1201 1234123123 123123123 99 28 58 98
去微软 12 男 1062 1234923123 123128123 38 58 38 81
很健康 39 女 1033 1232123123 193123123 58 48 38 28 
自行车 31 女 1071 1234123123 123123123 98 98 98 98
而得出 27 男 1012 1234923123 123128123 38 58 68 83 
我是想 73 女 1093 1232123123 193123123 58 48 38 28 
他根本 11 男 1021 1234123123 123123123 18 39 96 94

*****************测试添加功能数据**************
00000 00 00 0000 000000000000 000000000 00 00 00 00